01     8.16
01     16.5
01     33.3
01      118
01      204
01      389
01      798
01 1.61e+03
01 3.65e+03
02     5.04
02     8.87
02     17.7
02     34.5
02      140
02      234
02      429
02      849
02 1.75e+03
02 4.55e+03
03     4.02
03     6.77
03     12.7
03     22.8
03       99
03      184
03      322
03      584
03 1.19e+03
03 2.45e+03
04     3.43
04     5.81
04     10.3
04     17.4
04     34.9
04      155
04      263
04      450
04      888
04 1.86e+03
05      2.7
05     4.11
05     6.65
05     12.7
05     24.8
05      139
05      214
05      352
05      656
05 1.33e+03
05 2.78e+03
06     3.02
06     5.07
06     7.11
06       13
06     23.6
06      127
06      223
06      361
06      667
06 1.33e+03
06 2.71e+03
07     2.54
07     3.69
07     6.07
07     10.1
07     20.2
07     57.3
07      209
07      320
07      567
07 1.13e+03
07 2.29e+03
07 5.89e+03
08     2.19
08     3.38
08     6.31
08     8.12
08     15.6
08     30.6
08      188
08      276
08      458
08      901
08 1.76e+03
08 4.35e+03
09     2.47
09     3.51
09     5.13
09     10.1
09     15.7
09     31.4
09      187
09      308
09      482
09      909
09 1.86e+03
09 3.99e+03
10     2.52
10     3.26
10     4.92
10     8.64
10     14.5
10     28.8
10      189
10      286
10      469
10      832
10 1.74e+03
10 3.34e+03
11     2.39
11     2.58
11     3.98
11     6.67
11     11.6
11     22.8
11      169
11      275
11      426
11      725
11 1.38e+03
11 2.67e+03
12     2.47
12     3.28
12     4.16
12     6.66
12     12.2
12     23.6
12      134
12      279
12      439
12      770
12 1.45e+03
12 2.76e+03
13     2.38
13      3.5
13     3.67
13     5.86
13     11.8
13     20.5
13     67.3
13      257
13      405
13      671
13 1.25e+03
13 2.31e+03
14     2.53
14     3.11
14     4.12
14     6.32
14     11.1
14     21.5
14     44.7
14      275
14      436
14      731
14 1.37e+03
14 2.46e+03
15     2.79
15     2.68
15     3.91
15     6.02
15     9.96
15       20
15     39.4
15      267
15      407
15      671
15 1.25e+03
15 2.37e+03
15 5.76e+03
16     2.24
16     2.73
16     3.71
16     5.42
16     9.29
16     18.2
16     37.2
16      260
16      401
16      661
16 1.21e+03
16 2.17e+03
16 5.38e+03
17     2.06
17     3.05
17     3.41
17      4.9
17     8.55
17     15.7
17     31.4
17      252
17      368
17      594
17 1.06e+03
17 1.81e+03
18     1.97
18     2.93
18     3.99
18     5.53
18     9.17
18     17.2
18     34.2
18      255
18      385
18      619
18 1.13e+03
18 2.08e+03
19     2.14
19     2.16
19      3.4
19     4.76
19     8.65
19     14.2
19     28.5
19      239
19      354
19      556
19      974
19 1.74e+03
20     2.19
20     2.25
20     3.36
20     4.51
20     7.41
20     14.2
20     27.1
20      242
20      352
20      531
20      942
20 1.68e+03
20 3.22e+03
21     2.67
21        3
21     3.86
21     5.18
21     8.15
21     14.9
21     29.4
21      233
21      371
21      567
21 1.02e+03
21 1.83e+03
21 3.33e+03
22     2.75
22     2.76
22     3.14
22     4.38
22     7.19
22     13.4
22     26.9
22      207
22      369
22      567
22      953
22 1.69e+03
22 2.97e+03
23      2.4
23     2.15
23     2.97
23     4.37
23     7.09
23     12.6
23       25
23      190
23      361
23      552
23      942
23 1.69e+03
23 2.96e+03
24     2.22
24     3.44
24     3.03
24     4.17
24     7.33
24     12.4
24     25.1
24      163
24      358
24      553
24      908
24 1.66e+03
24 2.89e+03
