01 19407
01 42156
01 85122
01 172344
01 341982
01 697728
01 1414278
01 2838693
01 5838486
01 12234399
02 19407
02 42156
02 85122
02 172512
02 341967
02 698862
02 1413822
02 2834085
02 5810988
02 12159918
02 25264998
03 19407
03 41667
03 84297
03 168957
03 336054
03 685731
03 1385529
03 2767791
03 5696097
03 11969268
03 24849114
04 19407
04 41667
04 81963
04 165393
04 328806
04 669861
04 1346268
04 2695257
04 5575986
04 11708577
04 24262305
05 19407
05 41667
05 84297
05 170181
05 341085
05 688995
05 1381296
05 2756802
05 5642127
05 11849475
05 24599580
05 50583675
06 19407
06 41667
06 84297
06 169623
06 340845
06 692292
06 1389531
06 2767170
06 5684214
06 11914617
06 24749850
06 51013155
07 19407
07 41667
07 84297
07 169905
07 341349
07 694182
07 1393290
07 2784522
07 5694003
07 11917620
07 24752883
07 50975817
08 19407
08 41667
08 81903
08 163437
08 325569
08 663558
08 1330368
08 2660169
08 5478897
08 11491260
08 23838708
08 49196388
08 100325223
09 19407
09 41667
09 81903
09 163101
09 321867
09 657330
09 1324965
09 2636214
09 5424519
09 11371257
09 23572326
09 48720123
09 99344991
10 19407
10 41667
10 81903
10 163659
10 327759
10 667914
10 1340283
10 2676393
10 5511174
10 11581386
10 24033009
10 49591164
10 101139279
11 19407
11 41667
11 82065
11 163773
11 326985
11 665622
11 1337544
11 2670249
11 5486550
11 11526888
11 23927907
11 49397622
11 100704612
12 19407
12 41667
12 81621
12 162933
12 324285
12 661347
12 1328181
12 2633805
12 5410686
12 11334201
12 23505276
12 48551628
12 99016062
13 19407
13 41667
13 84297
13 167895
13 331809
13 674454
13 1341732
13 2673225
13 5496534
13 11510943
13 23851314
13 49183308
13 100334535
14 19407
14 41667
14 84297
14 169065
14 337749
14 686436
14 1372422
14 2719380
14 5580303
14 11735196
14 24332427
14 50034045
14 102039882
15 19407
15 41667
15 81621
15 162543
15 324735
15 663330
15 1331148
15 2642100
15 5426460
15 11365320
15 23576235
15 48682890
15 99301017
16 19407
16 41667
16 81621
16 163047
16 326421
16 664281
16 1330905
16 2655414
16 5448873
16 11421123
16 23694537
16 48917760
16 99771246
17 19407
17 41667
17 83517
17 167289
17 329301
17 667104
17 1333467
17 2651364
17 5430645
17 11369337
17 23559297
17 48671649
17 99305445
18 19407
18 41667
18 83517
18 167121
18 329748
18 667224
18 1336851
18 2659626
18 5457978
18 11435937
18 23698059
18 48939078
18 99864492
19 19407
19 41667
19 83517
19 166053
19 326871
19 661182
19 1325961
19 2636547
19 5416230
19 11331768
19 23461116
19 48473238
19 98908692
20 19407
20 41667
20 83517
20 166395
20 326595
20 661974
20 1330011
20 2639307
20 5404590
20 11321604
20 23459625
20 48479226
20 98867013
20 202802580
21 19407
21 41667
21 83517
21 166113
21 327093
21 662574
21 1331259
21 2648175
21 5425182
21 11366682
21 23546112
21 48670038
21 99293130
21 203741034
22 19407
22 41667
22 83517
22 165891
22 325149
22 658698
22 1323690
22 2616672
22 5382693
22 11290623
22 23403054
22 48361863
22 98548443
22 201876117
23 19407
23 41667
23 81621
23 162543
23 324513
23 660753
23 1326258
23 2625861
23 5399289
23 11305554
23 23433300
23 48414558
23 98742966
23 202364868
24 19407
24 41667
24 83517
24 166113
24 325431
24 659922
24 1324086
24 2625150
24 5379891
24 11264202
24 23339718
24 48225231
24 98367129
24 201526440
